
1000,141.006829618,1713.421320407,0,0, 827.4241458914254
3000,105.505707671,778.745951254,0,0, 2213.90776860236
5000,110.382319539,238.873617217,0,0, 4651.595497255558
7000,98.357438719,1780.977251374,0,0, 1054.5853370454738
10000,103.058053409,211.911301602,0,0, 6000.600060006001
9000,109.244528332,186.196661221,0,0, 6380.806533945891,normal
1000,174.222923301,524.276893583,0,0, 997.8645698205839,normal
3000,116.847447818,602.224832618,0,0, 2598.8876760746402,normal
5000,115.897405565,163.850610485,0,0, 4970.425965505244,normal
7000,105.467358722,150.946016344,0,0, 6943.480072212193,normal
10000,110.398734177,664.041240613,0,0, 2523.3409033560433,normal
1000,293.553952108,42657.986033238,0,0, 46.74107222150033,fsync_safe
3000,296.440315652,43647.868615477,0,0, 45.52175211403017,fsync_safe
5000,294.059804979,44296.939524362,0,0, 44.852482427918694,fsync_safe
