
1000,0,1246.702330000,0,0, 706.7237699472784
3000,0,1568.215720000,0,0, 634.4090796627481
5000,0,1099.249400000,0,0, 902.9426902274513
7000,0,1209.647090000,0,0, 816.5998415796307
10000,0,1394.073950000,0,0, 713.1141695785495
9000,0,1787.770390000,0,0, 557.1092714124949,normal
1000,0,796.168250000,0,0, 957.1301409852698,normal
3000,0,211.371550000,0,0, 2883.0906732016724,normal
5000,0,159.457070000,0,0, 4970.178926441352,normal
7000,0,1246.574930000,0,0, 796.6096294172004,normal
10000,0,967.841250000,0,0, 1025.1994012835496,normal
1000,0,42914.357470000,0,0, 23.290636162765214,fsync_safe
3000,0,44335.781230000,0,0, 22.544249288898015,fsync_safe
5000,0,44483.904290000,0,0, 22.46950158376282,fsync_safe
