100,868.760000000,0,0,0, 98.73617693522907
1000,522.877000000,0,0,0, 893.6550491510277
10000,397.888000000,0,0,0, 1801.8018018018017
1000,193.228080000,0,0,0, 998.7515605493134
3000,114.471400000,0,0,0, 2989.4472512032526
5000,111.853330000,0,0,0, 4969.437956567112
7000,104.142080000,0,0,0, 6935.774726036899
10000,96.002570000,0,0,0, 9629.272989889263
9000,70.717730000,0,0,0, 8902.341315766047,normal
1000,194.412380000,0,0,0, 998.8413440409125,normal
3000,124.043180000,0,0,0, 2989.0004782400765,normal
5000,164.854520000,0,0,0, 4550.418638514743,normal
7000,105.598810000,0,0,0, 6939.625260235947,normal
10000,90.800320000,0,0,0, 9882.39944658563,normal
1000,218.262750000,0,0,0, 998.7415856021413,fsync_safe
3000,133.108480000,0,0,0, 2989.26852599169,fsync_safe
5000,115.316490000,0,0,0, 4969.9319119328065,fsync_safe
