
1000,199.215758685,0,1442.111223253,0, 998.811414416844
3000,112.333431684,0,1380.591140729,0, 2989.0898221491557
5000,84.837380504,0,2127.128841848,0, 4176.062807984632
7000,91.039682539,0,847.317253803,0, 6678.688305616777
10000,98.983527926,0,960.188640973,0, 6692.544505420961
9000,94.524495677,0,1020.502031694,0, 6791.171477079796,normal
1000,208.256238235,0,1913.704142011,0, 998.811414416844,normal
3000,108.899027634,0,2157.729191797,0, 2747.101807592989,normal
5000,74.929788533,0,2120.423275178,0, 4969.437956567112,normal
7000,75.013338671,0,1723.167059748,0, 6005.645306588193,normal
10000,88.092336346,0,195.009059794,0, 9842.51968503937,normal
1000,186.348493791,0,79081.150214592,0, 235.6884104937908,fsync_safe
3000,182.232739374,0,79286.549563838,0, 238.9811754528096,fsync_safe
5000,181.498308859,0,78949.752813672,0, 251.69263295663336,fsync_safe
