
1000,107.407480000,1620.270930000,0,1730.977290000, 523.944252331552
3000,97.504980000,580.859020000,0,681.774520000, 1422.940649145524
5000,96.637280000,646.447000000,0,746.228380000, 1326.207180085673
7000,97.614150000,1028.077060000,0,1128.959980000, 879.592572720316
10000,95.931750000,990.539220000,0,1089.780460000, 911.2364567481616
9000,205.336920000,1014.966450000,0,1223.341030000, 812.532501300052,normal
1000,112.837730000,1331.667490000,0,1447.906290000, 629.8736473463423,normal
3000,104.305530000,356.161460000,0,463.548710000, 2121.7457724215483,normal
5000,104.469900000,768.999500000,0,876.740080000, 1130.5055620873654,normal
7000,98.776950000,1199.424680000,0,1301.225200000, 764.0937084524046,normal
10000,94.438420000,831.279510000,0,928.310650000, 1068.8556831056671,normal
1000,326.758570000,43145.542660000,0,43481.842180000, 22.98830492975004,fsync_safe
3000,323.931320000,44093.623080000,0,44427.869900000, 22.498868306924162,fsync_safe
